------------------------,第1次迭代的种群为
0.5006011519174401
0.5032083956641481
0.4850700038560527
0.5039679123786266
0.5011514882521013
0.501791466196382
0.5008304909770708
0.5010899319545656
0.5039164820497499
0.4966419801667234
------------------------
------------------------,第2次迭代的种群为
0.49650482568627663
0.4974345986562754
0.48547344435024015
0.4991400519667947
0.4985413546868774
0.5026094571362154
0.5006762540662724
0.497535342945082
0.5005221950963533
0.4983714399778455
------------------------
